2 64 0.095232
4 64 0.099008
8 64 0.104256
16 64 0.091232
32 64 0.111872
64 64 0.102432
128 64 0.101376
256 64 0.094208
512 64 0.103168
1024 64 0.092384
2048 64 0.116736
4096 64 0.107168
8192 64 0.09344
16384 64 0.098944
32768 64 0.090272
65536 64 0.102112
131072 64 0.07376
262144 64 0.060288
524288 64 0.065088
1048576 64 0.07904
2097152 64 0.103168
4194304 64 0.17056
8388608 64 0.25776
16777216 64 0.455968
2 128 0.1024
4 128 0.096256
8 128 0.108352
16 128 0.095424
32 128 0.105408
64 128 0.110592
128 128 0.109664
256 128 0.108672
512 128 0.107232
1024 128 0.10384
2048 128 0.100832
4096 128 0.104768
8192 128 0.102848
16384 128 0.103744
32768 128 0.105984
65536 128 0.106784
131072 128 0.091712
262144 128 0.063648
524288 128 0.0648
1048576 128 0.076064
2097152 128 0.10592
4194304 128 0.17744
8388608 128 0.277792
16777216 128 0.474336
2 256 0.100768
4 256 0.1024
8 256 0.09216
16 256 0.104448
32 256 0.110368
64 256 0.094688
128 256 0.103008
256 256 0.094848
512 256 0.095328
1024 256 0.09216
2048 256 0.1024
4096 256 0.096256
8192 256 0.08992
16384 256 0.09984
32768 256 0.11408
65536 256 0.097984
131072 256 0.066944
262144 256 0.063232
524288 256 0.06896
1048576 256 0.076384
2097152 256 0.107296
4194304 256 0.175008
8388608 256 0.271424
16777216 256 0.477024
2 512 0.104736
4 512 0.102688
8 512 0.0984
16 512 0.106496
32 512 0.102848
64 512 0.10288
128 512 0.1024
256 512 0.104224
512 512 0.111008
1024 512 0.096224
2048 512 0.102144
4096 512 0.099424
8192 512 0.098304
16384 512 0.101408
32768 512 0.09328
65536 512 0.113824
131072 512 0.066304
262144 512 0.060672
524288 512 0.06656
1048576 512 0.075488
2097152 512 0.0896
4194304 512 0.152096
8388608 512 0.251616
16777216 512 0.44016
2 1024 0.103328
4 1024 0.101504
8 1024 0.10368
16 1024 0.110528
32 1024 0.104608
64 1024 0.102048
128 1024 0.108544
256 1024 0.095872
512 1024 0.1024
1024 1024 0.10416
2048 1024 0.10272
4096 1024 0.102656
8192 1024 0.096256
16384 1024 0.096256
32768 1024 0.104064
65536 1024 0.104768
131072 1024 0.07456
262144 1024 0.058816
524288 1024 0.068384
1048576 1024 0.083712
2097152 1024 0.108768
4194304 1024 0.153152
8388608 1024 0.271648
16777216 1024 0.448992
