2 64 0.1024
4 64 0.1016
8 64 0.094592
16 64 0.105664
32 64 0.097248
64 64 0.089888
128 64 0.100768
256 64 0.094176
512 64 0.104608
1024 64 0.092128
2048 64 0.104576
4096 64 0.102912
8192 64 0.102016
16384 64 0.108544
32768 64 0.109632
65536 64 0.107968
131072 64 0.081184
262144 64 0.060992
524288 64 0.06704
1048576 64 0.077664
2097152 64 0.114816
4194304 64 0.170848
8388608 64 0.268896
16777216 64 0.467744
2 128 0.091232
4 128 0.095712
8 128 0.103936
16 128 0.095168
32 128 0.103104
64 128 0.102656
128 128 0.100384
256 128 0.102496
512 128 0.100416
1024 128 0.1024
2048 128 0.103936
4096 128 0.102592
8192 128 0.101184
16384 128 0.102304
32768 128 0.10592
65536 128 0.103424
131072 128 0.063424
262144 128 0.063328
524288 128 0.062336
1048576 128 0.077152
2097152 128 0.096672
4194304 128 0.150912
8388608 128 0.27632
16777216 128 0.468832
2 256 0.101472
4 256 0.103136
8 256 0.103488
16 256 0.103648
32 256 0.097696
64 256 0.098208
128 256 0.101856
256 256 0.108544
512 256 0.1056
1024 256 0.10368
2048 256 0.103296
4096 256 0.096288
8192 256 0.104224
16384 256 0.103392
32768 256 0.0984
65536 256 0.098816
131072 256 0.06384
262144 256 0.053344
524288 256 0.05472
1048576 256 0.075872
2097152 256 0.09568
4194304 256 0.15472
8388608 256 0.264512
16777216 256 0.475456
2 512 0.104384
4 512 0.103168
8 512 0.096576
16 512 0.1024
32 512 0.09216
64 512 0.10464
128 512 0.096352
256 512 0.114016
512 512 0.096256
1024 512 0.10128
2048 512 0.098752
4096 512 0.088256
8192 512 0.104864
16384 512 0.090112
32768 512 0.112352
65536 512 0.087648
131072 512 0.068928
262144 512 0.071872
524288 512 0.066496
1048576 512 0.076448
2097152 512 0.09792
4194304 512 0.151584
8388608 512 0.27232
16777216 512 0.4728
2 1024 0.101536
4 1024 0.10272
8 1024 0.099552
16 1024 0.108768
32 1024 0.113664
64 1024 0.104928
128 1024 0.108544
256 1024 0.103488
512 1024 0.108544
1024 1024 0.102912
2048 1024 0.102912
4096 1024 0.112224
8192 1024 0.113664
16384 1024 0.108832
32768 1024 0.104352
65536 1024 0.103168
131072 1024 0.077856
262144 1024 0.06432
524288 1024 0.067648
1048576 1024 0.07168
2097152 1024 0.09696
4194304 1024 0.153568
8388608 1024 0.267712
16777216 1024 0.4568
