256 64 0.07568
512 64 0.09744
1024 64 0.081536
2048 64 0.08352
4096 64 0.08592
8192 64 0.08592
16384 64 0.091584
32768 64 0.092096
65536 64 0.080544
131072 64 0.056576
262144 64 0.04
524288 64 0.045664
1048576 64 0.035936
2097152 64 0.041696
4194304 64 0.041088
8388608 64 0.043552
16777216 64 0.05808
33554432 64 0.052096
67108864 64 0.069568
256 128 0.093952
512 128 0.078144
1024 128 0.084288
2048 128 0.084064
4096 128 0.086496
8192 128 0.08128
16384 128 0.084544
32768 128 0.081536
65536 128 0.092576
131072 128 0.060768
262144 128 0.041728
524288 128 0.045952
1048576 128 0.042912
2097152 128 0.0432
4194304 128 0.04384
8388608 128 0.049536
16777216 128 0.058464
33554432 128 0.064192
67108864 128 0.059904
256 256 0.085472
512 256 0.085856
1024 256 0.089024
2048 256 0.095776
4096 256 0.086496
8192 256 0.081088
16384 256 0.082944
32768 256 0.085344
65536 256 0.080768
131072 256 0.07344
262144 256 0.04064
524288 256 0.04144
1048576 256 0.04256
2097152 256 0.0424
4194304 256 0.044128
8388608 256 0.047968
16777216 256 0.051392
33554432 256 0.054496
67108864 256 0.061824
256 512 0.087168
512 512 0.07648
1024 512 0.085056
2048 512 0.07936
4096 512 0.077632
8192 512 0.084128
16384 512 0.08848
32768 512 0.073504
65536 512 0.077504
131072 512 0.060736
262144 512 0.042688
524288 512 0.046816
1048576 512 0.03936
2097152 512 0.042048
4194304 512 0.04336
8388608 512 0.048896
16777216 512 0.050944
33554432 512 0.056352
67108864 512 0.062816
256 1024 0.077408
512 1024 0.077248
1024 1024 0.082784
2048 1024 0.085856
4096 1024 0.076864
8192 1024 0.085696
16384 1024 0.078304
32768 1024 0.07728
65536 1024 0.081664
131072 1024 0.058912
262144 1024 0.045888
524288 1024 0.038336
1048576 1024 0.044224
2097152 1024 0.037952
4194304 1024 0.041216
8388608 1024 0.042304
16777216 1024 0.05136
33554432 1024 0.051936
67108864 1024 0.05936
