256 64 0.103008
512 64 0.096256
1024 64 0.098304
2048 64 0.09904
4096 64 0.099136
8192 64 0.105024
16384 64 0.120288
32768 64 0.12288
65536 64 0.141024
131072 64 0.17408
262144 64 0.243712
524288 64 0.396512
1048576 64 0.736192
2097152 64 1.39286
4194304 64 2.73341
8388608 64 5.4455
16777216 64 10.6839
33554432 64 20.9241
67108864 64 41.9717
256 128 0.096192
512 128 0.106496
1024 128 0.098304
2048 128 0.09888
4096 128 0.1416
8192 128 0.118304
16384 128 0.108576
32768 128 0.133408
65536 128 0.161984
131072 128 0.20896
262144 128 0.32704
524288 128 0.548256
1048576 128 0.9912
2097152 128 1.98813
4194304 128 3.93142
8388608 128 7.7177
16777216 128 15.309
33554432 128 30.5572
67108864 128 61.1
256 256 0.110624
512 256 0.102656
1024 256 0.092128
2048 256 0.106496
4096 256 0.09712
8192 256 0.105472
16384 256 0.11488
32768 256 0.123168
65536 256 0.142912
131072 256 0.215392
262144 256 0.325632
524288 256 0.543744
1048576 256 0.988224
2097152 256 1.96134
4194304 256 3.86813
8388608 256 7.70598
16777216 256 15.3347
33554432 256 30.5276
67108864 256 60.7436
256 512 0.083968
512 512 0.092224
1024 512 0.090112
2048 512 0.087104
4096 512 0.085248
8192 512 0.091552
16384 512 0.110592
32768 512 0.120832
65536 512 0.164992
131072 512 0.196608
262144 512 0.318944
524288 512 0.530432
1048576 512 0.993344
2097152 512 1.97466
4194304 512 3.91405
8388608 512 7.71443
16777216 512 15.308
33554432 512 30.5638
67108864 512 61.1872
256 1024 0.089568
512 1024 0.095936
1024 1024 0.098304
2048 1024 0.10272
4096 1024 0.1
8192 1024 0.105056
16384 1024 0.118944
32768 1024 0.130112
65536 1024 0.150688
131072 1024 0.219136
262144 1024 0.313344
524288 1024 0.540288
1048576 1024 0.995168
2097152 1024 1.97197
4194304 1024 3.90624
8388608 1024 7.92128
16777216 1024 15.3096
33554432 1024 30.5827
67108864 1024 60.7528
