2 64 0.634624
4 64 0.624096
8 64 0.600864
16 64 0.770208
32 64 0.694944
64 64 0.641888
128 64 0.62384
256 64 0.676992
512 64 0.636256
1024 64 0.712608
2048 64 1.28326
4096 64 1.98157
8192 64 0.970528
16384 64 0.75504
32768 64 0.778944
65536 64 1.0032
131072 64 1.35901
262144 64 2.35098
524288 64 4.4968
2 128 0.704992
4 128 0.69632
8 128 1.94989
16 128 1.89891
32 128 0.69488
64 128 0.702048
128 128 1.51894
256 128 0.690048
512 128 0.684544
1024 128 3.36208
2048 128 0.686272
4096 128 0.702144
8192 128 0.755296
16384 128 0.776832
32768 128 0.790848
65536 128 0.9144
131072 128 1.09936
262144 128 3.58762
524288 128 6.24541
2 256 0.872064
4 256 1.20294
8 256 0.620224
16 256 0.881568
32 256 0.619872
64 256 0.720576
128 256 1.0761
256 256 0.6312
512 256 0.6968
1024 256 0.690912
2048 256 0.709152
4096 256 1.93677
8192 256 0.719488
16384 256 0.7584
32768 256 1.08902
65536 256 0.868128
131072 256 1.05827
262144 256 2.73203
524288 256 4.5712
2 512 0.70096
4 512 1.10083
8 512 0.7072
16 512 1.10416
32 512 0.693216
64 512 0.69968
128 512 1.12061
256 512 0.690848
512 512 0.715872
1024 512 1.36141
2048 512 0.72656
4096 512 0.996928
8192 512 0.721344
16384 512 1.07318
32768 512 0.76624
65536 512 0.874816
131072 512 1.03946
262144 512 1.83139
524288 512 3.15341
2 1024 0.693024
4 1024 0.69232
8 1024 0.696992
16 1024 1.10845
32 1024 0.638912
64 1024 1.8559
128 1024 0.690944
256 1024 1.33635
512 1024 0.627616
1024 1024 0.687232
2048 1024 0.707456
4096 1024 0.710528
8192 1024 0.729664
16384 1024 0.72768
32768 1024 0.752192
65536 1024 1.46429
131072 1024 1.10928
262144 1024 1.78326
524288 1024 5.19638
