2 64 0.430464
4 64 0.457152
8 64 0.431328
16 64 0.497792
32 64 0.47184
64 64 0.442272
128 64 0.440928
256 64 0.472256
512 64 0.42768
1024 64 0.485056
2048 64 1.41187
4096 64 1.0039
8192 64 0.698464
16384 64 0.497568
32768 64 0.520448
65536 64 0.656448
131072 64 0.785024
262144 64 1.38995
524288 64 2.68336
2 128 0.476512
4 128 0.49472
8 128 0.815936
16 128 0.648032
32 128 0.467776
64 128 0.475456
128 128 1.21597
256 128 0.475136
512 128 0.490656
1024 128 0.477504
2048 128 0.483744
4096 128 0.51488
8192 128 0.526912
16384 128 0.522144
32768 128 0.551616
65536 128 0.621536
131072 128 0.730368
262144 128 1.76346
524288 128 4.92064
2 256 0.422176
4 256 0.654752
8 256 0.437984
16 256 0.93232
32 256 0.4384
64 256 0.488608
128 256 0.773216
256 256 0.447584
512 256 0.505408
1024 256 0.494304
2048 256 0.482912
4096 256 0.506432
8192 256 0.514784
16384 256 0.531296
32768 256 0.909696
65536 256 0.634784
131072 256 0.778304
262144 256 1.72067
524288 256 5.44496
2 512 0.476032
4 512 0.55152
8 512 0.50576
16 512 0.69424
32 512 0.478944
64 512 0.506144
128 512 0.5352
256 512 0.47264
512 512 0.49248
1024 512 0.64688
2048 512 0.552736
4096 512 0.555392
8192 512 0.523776
16384 512 0.540992
32768 512 0.632896
65536 512 0.644704
131072 512 0.793376
262144 512 1.47456
524288 512 2.7944
2 1024 0.472096
4 1024 0.501344
8 1024 0.479104
16 1024 0.625632
32 1024 0.420416
64 1024 0.476864
128 1024 0.506048
256 1024 0.550784
512 1024 0.417408
1024 1024 0.47488
2048 1024 0.506144
4096 1024 0.496704
8192 1024 0.533248
16384 1024 0.533056
32768 1024 0.562592
65536 1024 1.90115
131072 1024 0.967776
262144 1024 1.51578
524288 1024 4.01894
