2 64 1.31066
4 64 1.1801
8 64 1.16688
16 64 1.14342
32 64 1.04691
64 64 1.15965
128 64 1.81696
256 64 1.17181
512 64 2.57888
1024 64 1.17859
2048 64 1.19446
4096 64 1.2401
8192 64 1.32326
16384 64 2.03437
32768 64 1.54077
65536 64 2.13872
131072 64 3.58272
262144 64 8.6295
524288 64 12.0105
2 128 1.14867
4 128 4.69907
8 128 1.15418
16 128 1.15056
32 128 1.17222
64 128 1.16179
128 128 1.6431
256 128 1.17514
512 128 1.66858
1024 128 1.18602
2048 128 1.08288
4096 128 8.16893
8192 128 1.31242
16384 128 1.68586
32768 128 1.70102
65536 128 2.23184
131072 128 3.89866
262144 128 8.47917
524288 128 14.5826
2 256 1.15395
4 256 2.49712
8 256 1.18422
16 256 1.15306
32 256 1.16288
64 256 1.15619
128 256 1.16986
256 256 1.15334
512 256 2.3112
1024 256 1.18221
2048 256 1.87683
4096 256 1.23254
8192 256 1.30374
16384 256 1.45482
32768 256 1.67882
65536 256 2.52986
131072 256 3.57059
262144 256 6.1224
524288 256 12.1005
2 512 1.17027
4 512 1.16294
8 512 1.1713
16 512 1.16605
32 512 1.53798
64 512 1.18682
128 512 1.02224
256 512 1.15549
512 512 1.14614
1024 512 1.09126
2048 512 1.21504
4096 512 2.32048
8192 512 1.31146
16384 512 1.44774
32768 512 1.67437
65536 512 2.16899
131072 512 10.9146
262144 512 6.56938
524288 512 18.2048
2 1024 1.16365
4 1024 1.15549
8 1024 1.15882
16 1024 3.78493
32 1024 1.16755
64 1024 1.17398
128 1024 2.70432
256 1024 1.13715
512 1024 1.16602
1024 1024 1.16006
2048 1024 1.1983
4096 1024 1.23322
8192 1024 1.31024
16384 1024 1.44957
32768 1024 1.66403
65536 1024 2.27386
131072 1024 3.87962
262144 1024 6.67677
524288 1024 17.8124
