8192 64 0.092448
16384 64 0.08816
32768 64 0.10256
65536 64 0.09104
131072 64 0.092928
262144 64 0.08944
524288 64 0.097376
1048576 64 0.091936
2097152 64 0.090496
8192 128 0.153664
16384 128 0.105568
32768 128 0.095648
65536 128 0.09312
131072 128 0.0848
262144 128 0.095744
524288 128 0.07824
1048576 128 0.092384
2097152 128 0.089504
8192 256 0.097792
16384 256 0.083552
32768 256 0.09712
65536 256 0.095712
131072 256 0.095168
262144 256 0.090336
524288 256 0.09472
1048576 256 0.092832
2097152 256 0.088864
8192 512 0.099424
16384 512 0.093824
32768 512 0.099808
65536 512 0.105152
131072 512 0.087648
262144 512 0.095424
524288 512 0.089408
1048576 512 0.097856
2097152 512 0.0928
8192 1024 0.08864
16384 1024 0.100032
32768 1024 0.09552
65536 1024 0.100992
131072 1024 0.089952
262144 1024 0.091584
524288 1024 0.090176
1048576 1024 0.09872
2097152 1024 0.092736
